50
3
8 2
12 28
11 43
34 13
27 30
16 38
40 17
14 7
17 37
29 31
13 5
42 12
9 21
17 44
9 22
45 22
0 2
24 10
17 38
33 10
16 39
7 47
32 26
41 18
2 7
34 15
22 47
8 31
49 5
9 45
24 0
9 23
1 9
2 10
36 14
37 14
41 19
17 7
44 23
20 44
40 14
8 46
33 13
6 15
20 46
35 14
19 45
16 5
33 28
29 6
44 21
49 23
27 11
11 5
10 23
1 7
0 3
32 25
18 45
3 12
33 23
1 6
26 3
30 7
14 31
27 31
48 21
12 30
49 21
37 15
49 22
25 2
46 23
48 6
4 12
35 12
9 3
2 6
8 20
0 5
48 20
34 11
33 15
26 11
25 11
8 2
12 28
11 43
34 13
27 30
16 38
40 17
14 7
17 37
29 31
13 5
42 12
9 21
17 44
9 22
45 22
0 2
24 10
17 38
33 10
16 39
7 47
32 26
41 18
2 7
34 15
22 47
8 31
49 5
9 45
24 0
9 23
1 9
2 10
36 14
37 14
41 19
17 7
44 23
20 44
40 14
8 46
33 13
6 15
20 46
35 14
19 45
16 5
33 28
29 6
44 21
49 23
27 11
11 5
10 23
1 7
0 3
32 25
18 45
3 12
33 23
1 6
26 3
30 7
14 31
27 31
48 21
12 30
49 21
37 15
49 22
25 2
46 23
48 6
4 12
35 12
9 3
2 6
8 20
0 5
48 20
34 11
33 15
26 11
25 11
28 30
21 46
17 41
32 14
12 29
15 39
11 4
41 13
10 19
18 39
35 20
34 22
40 18
0 1
25 36
10 44
18 43
1 5
4 14
45 21
48 25
32 9
16 36
24 38
1 4
13 30
16 35
16 42
16 6
8 19
48 22
9 4
18 36
8 21
18 7
43 20
0 4
3 13
11 21
20 7
18 6
27 4
24 47
25 10
38 15
19 6
42 19
8 17
5 14
27 12
49 26
10 3
36 13
19 46
29 13
28 5